#	CHEMICAL ELEMENTS
# name              | density (g/cm^3) |      atomic number	   |   standard atomic weight (u)
#
H	0.00008988	1	1.008
He	0.0001785	2	4.002602
Li	0.534	3	6.94
Be	1.85	4	9.0121831
B	2.34	5	10.81
C	2.267	6	12.011
N	0.0012506	7	14.007
O	0.001429	8	15.999
F	0.001696	9	18.998403163
Ne	0.0008999	10	20.1797
Na	0.971	11	22.98976928
Mg	1.738	12	24.305
Al	2.698	13	26.9815385
Si	2.3296	14	28.085
P	1.82	15	30.973761998
S	2.067	16	32.06
Cl	0.003214	17	35.45
Ar	0.0017837	18	39.948
K	0.862	19	39.0983
Ca	1.54	20	40.078
Sc	2.989	21	44.955908
Ti	4.54	22	47.867
V	6.11	23	50.9415
Cr	7.15	24	51.9961
Mn	7.44	25	54.938044
Fe	7.874	26	55.845
Co	8.86	27	58.933194
Ni	8.912	28	58.6934
Cu	8.96	29	63.546
Zn	7.134	30	65.38
Ga	5.907	31	69.723
Ge	5.323	32	72.63
As	5.776	33	74.921595
Se	4.809	34	78.971
Br	3.122	35	79.904
Kr	0.003733	36	83.798
Rb	1.532	37	85.4678
Sr	2.64	38	87.62
Y	4.469	39	88.90584
Zr	6.506	40	91.224
Nb	8.57	41	92.90637
Mo	10.22	42	95.95
Tc	11.5	43	98
Ru	12.37	44	101.07
Rh	12.41	45	102.9055
Pd	12.02	46	106.42
Ag	10.501	47	107.8682
Cd	8.69	48	112.414
In	7.31	49	114.818
Sn	7.287	50	118.71
Sb	6.685	51	121.76
Te	6.232	52	127.6
I	4.93	53	126.90447
Xe	0.005887	54	131.293
Cs	1.873	55	132.90545196
Ba	3.594	56	137.327
La	6.145	57	138.90547
Ce	6.77	58	140.116
Pr	6.773	59	140.90766
Nd	7.007	60	144.242
Pm	7.26	61	145
Sm	7.52	62	150.36
Eu	5.243	63	151.964
Gd	7.895	64	157.25
Tb	8.229	65	158.92535
Dy	8.55	66	162.5
Ho	8.795	67	164.93033
Er	9.066	68	167.259
Tm	9.321	69	168.93422
Yb	6.965	70	173.045
Lu	9.84	71	174.9668
Hf	13.31	72	178.49
Ta	16.654	73	180.94788
W	19.25	74	183.84
Re	21.02	75	186.207
Os	22.61	76	190.23
Ir	22.56	77	192.217
Pt	21.46	78	195.084
Au	19.282	79	196.966569
Hg	13.5336	80	200.592
Tl	11.85	81	204.38
Pb	11.342	82	207.2

