# name	density	rlength	ilength
#	g/cm^3	g/cm^2	g/cm^2
#	Elements... Mendele
Li	0.534	82.78	71.3
Be	1.85	65.19	77.8
B	2.37	52.69	83.3
C	2.00	42.70	85.8
Na	0.971	27.74	102.6
Mg	1.74	25.03	104.1
Al	2.70	24.01	107.2
Al_twp	2.70	24.01	107.2
SenSi	2.33	21.82	108.4
Si	2.33	21.82	108.4
P	2.20	21.21	111.4
S	2.00	19.50	112.4
K	0.862	17.32	119.0
Ca	1.55	16.14	119.8
Sc	2.99	16.55	123.9
Ti	4.54	16.16	126.2
V	6.11	15.84	128.5
Cr	7.18	14.94	129.3
Mn	7.44	14.64	131.4
Fe	7.87	13.84	132.1
Co	8.90	13.62	134.2
Ni	8.90	12.68	134.1
Cu	8.96	12.86	137.3
Cu_HV	8.96	12.86	137.3
Cu_MV	8.96	12.86	137.3
Cu_twp	8.96	12.86	137.3
Zn	7.13	12.43	138.5
Ga	5.90	12.47	141.2
Ge	5.32	12.25	143.0
As	5.73	11.94	144.4
Se	4.50	11.91	146.7
Rb	1.53	11.03	150.3
Sr	2.54	10.76	151.5
Y	4.47	10.41	152.2
Zr	6.51	10.20	153.4
Nb	8.57	9.92	154.3
Mo	10.2	9.81	155.8
Tc	11.5	9.58	156.8
Ru	12.4	9.48	158.4
Rh	12.4	9.27	159.3
Pd	12.0	9.20	161.0
Ag	10.5	8.97	161.7
Cd	8.65	9.00	163.8
In	7.31	8.85	164.9
Sn	7.31	8.82	166.7
Sb	6.69	8.73	168.0
I	4.93	8.48	170.3
Te	6.24	8.83	170.6
Cs	1.87	8.31	172.8
Ba	3.50	8.31	174.6
La	6.15	8.14	175.3
Ce	6.66	7.96	175.7
Pr	6.71	7.76	176.1
Nd	6.90	7.71	177.4
Pm	7.22	7.51	177.7
Sm	7.46	7.57	179.8
Eu	5.24	7.44	180.4
Gd	7.90	7.48	182.4
Tb	8.23	7.36	183.0
Dy	8.55	7.32	184.4
Ho	8.80	7.23	185.3
Er	9.07	7.14	186.1
Tm	9.32	7.03	186.7
Yb	6.73	7.02	188.2
Lu	9.84	6.92	188.9
Hf	13.3	6.89	190.1
Ta	16.7	6.82	191.0
W	19.3	6.76	191.9
Re	21.0	6.69	192.8
Os	22.6	6.68	194.1
Ir	22.4	6.59	194.8
Pt	21.5	6.54	195.7
Au	19.3	6.46	196.3
Hg	13.5	6.44	197.5
Tl	11.7	6.42	198.7
Pb	11.4	6.37	199.6
Bi	9.75	6.29	200.2
Po	9.32	6.16	200.2
# name	density	rlength	ilength
#	g/cm^3	g/cm^2	g/cm^2
#	Composite
C6F14	1.88	34.63	90.26
CF	1.69	42.2	76.75
Pyroid	2.22	42.2	76.75
PGS	0.85	42.2	76.75
CO2	1.0	36.2	89.7
G10	1.9	36.86	91.1
Gten	1.9	36.86	91.1
PE	0.95	44.77	67.7
PE_twp	0.95	44.77	67.7
Steel	7.8	12.71	133.6
Silicone	74.15	30.73	89.05
Al2O3	3.965	27.94	98.46
BGA	8.82	7.74	183.0502
ConCon	5.89	16.83	113.15
Kapton	1.42	40.56	85.8
